[gd_scene load_steps=7 format=2]

[ext_resource path="res://car.tscn" type="PackedScene" id=1]
[ext_resource path="res://scenes/camera_follow.gd" type="Script" id=2]
[ext_resource path="res://assets/Powerup.tscn" type="PackedScene" id=3]

[sub_resource type="SpatialMaterial" id=1]
albedo_color = Color( 0.301961, 0.298039, 0.298039, 1 )

[sub_resource type="PlaneMesh" id=2]
material = SubResource( 1 )
size = Vector2( 50, 50 )

[sub_resource type="ConvexPolygonShape" id=3]
points = PoolVector3Array( -25.1366, 0.136612, -25.1366, -25.1366, 0.136612, 25.1366, 25.1366, 0.136612, -25.1366, 25.1366, 0.136612, 25.1366 )

[node name="TestWorld" type="Spatial"]

[node name="Ground" type="StaticBody" parent="."]
transform = Transform( 2, 0, 0, 0, 1, 0, 0, 0, 2, 0, -0.54847, 0 )

[node name="MeshInstance" type="MeshInstance" parent="Ground"]
transform = Transform( 1, 0, 0, 0, 1, 0, 0, 0, 1, -0.451728, 0.409888, 1.37667 )
mesh = SubResource( 2 )
material/0 = null

[node name="CollisionShape" type="CollisionShape" parent="Ground"]
shape = SubResource( 3 )

[node name="Camera" type="Camera" parent="."]
transform = Transform( 1, 0, 0, 0, 0.694269, 0.719715, 0, -0.719715, 0.694269, 3.27118, 10.2141, 13.7042 )

[node name="DirectionalLight" type="DirectionalLight" parent="."]
transform = Transform( 1, 0, 0, 0, 0.468238, 0.883602, 0, -0.883602, 0.468238, 0, 31.0751, 0 )
shadow_enabled = true

[node name="Car" parent="." instance=ExtResource( 1 )]
transform = Transform( 1, 0, 0, 0, 1, 0, 0, 0, 1, 0.0529416, 0.931287, 0.3089 )

[node name="Target" type="Spatial" parent="Car"]
transform = Transform( 1, 0, 0, 0, 1, 0, 0, 0, 1, 0, 0.663963, 0 )

[node name="Camera" type="Camera" parent="Car/Target"]
transform = Transform( -1, 3.55271e-15, -8.74228e-08, -3.61092e-08, 0.910713, 0.413041, 7.9617e-08, 0.413041, -0.910713, 0, 1.20142, -5.48916 )
current = true
script = ExtResource( 2 )
distance = 6.0

[node name="Powerups" type="Spatial" parent="."]

[node name="Powerup" parent="Powerups" instance=ExtResource( 3 )]

[node name="Powerup2" parent="Powerups" instance=ExtResource( 3 )]
transform = Transform( 1, 0, 0, 0, 1, 0, 0, 0, 1, -14.953, 0.638177, 5.56396 )

[node name="Powerup3" parent="Powerups" instance=ExtResource( 3 )]
transform = Transform( 1, 0, 0, 0, 1, 0, 0, 0, 1, -4.02305, 0.638177, 13.079 )

[connection signal="body_entered" from="Powerups/Powerup" to="Powerups/Powerup" method="_on_Powerup_body_entered"]
[connection signal="body_entered" from="Powerups/Powerup2" to="Powerups/Powerup2" method="_on_Powerup_body_entered"]
[connection signal="body_entered" from="Powerups/Powerup3" to="Powerups/Powerup3" method="_on_Powerup_body_entered"]
